[gd_scene format=3 uid="uid://pfgk5vvnrn05"]

[node name="Map" type="Node"]

[node name="CSGCombiner3D" type="CSGCombiner3D" parent="."]
use_collision = true

[node name="CSGFloor" type="CSGBox3D" parent="CSGCombiner3D"]
transform = Transform3D(1, 0, 0, 0, 1, 0, 0, 0, 1, 0, -0.25, 0)
size = Vector3(42, 0.5, 42)

[node name="CSGWall" type="CSGBox3D" parent="CSGCombiner3D"]
transform = Transform3D(1, 0, 0, 0, 1, 0, 0, 0, 1, 0, 1.5, 20)
size = Vector3(42, 3, 1)

[node name="CSGWall2" type="CSGBox3D" parent="CSGCombiner3D"]
transform = Transform3D(1, 0, 0, 0, 1, 0, 0, 0, 1, 0, 1.5, -21)
size = Vector3(42, 3, 1)

[node name="CSGWall3" type="CSGBox3D" parent="CSGCombiner3D"]
transform = Transform3D(1, 0, 0, 0, 1, 0, 0, 0, 1, 21, 1.5, 0)
size = Vector3(1, 3, 42)

[node name="CSGWall4" type="CSGBox3D" parent="CSGCombiner3D"]
transform = Transform3D(1, 0, 0, 0, 1, 0, 0, 0, 1, -21, 1.5, 0)
size = Vector3(1, 3, 42)

[node name="CSGCorner" type="CSGCylinder3D" parent="CSGCombiner3D"]
transform = Transform3D(1, 0, 0, 0, 1, 0, 0, 0, 1, 20.5507, 1, 19.479)

[node name="CSGCorner2" type="CSGCylinder3D" parent="CSGCombiner3D"]
transform = Transform3D(1, 0, 0, 0, 1, 0, 0, 0, 1, 20.4223, 1, -20.6327)

[node name="CSGCorner3" type="CSGCylinder3D" parent="CSGCombiner3D"]
transform = Transform3D(1, 0, 0, 0, 1, 0, 0, 0, 1, -20.4343, 1, -20.4212)

[node name="CSGCorner4" type="CSGCylinder3D" parent="CSGCombiner3D"]
transform = Transform3D(1, 0, 0, 0, 1, 0, 0, 0, 1, -20.7773, 1, 19.4901)

[node name="CSGWall5" type="CSGBox3D" parent="CSGCombiner3D"]
transform = Transform3D(1, 0, 0, 0, 1, 0, 0, 0, 1, -10, 1.5, 0)
size = Vector3(1, 3, 16)

[node name="CSGWall6" type="CSGBox3D" parent="CSGCombiner3D"]
transform = Transform3D(1, 0, 0, 0, 1, 0, 0, 0, 1, 9, 1.5, 0)
size = Vector3(1, 3, 16)

[node name="CSGWall7" type="CSGBox3D" parent="CSGCombiner3D"]
transform = Transform3D(-4.37114e-08, 0, -1, 0, 1, 0, 1, 0, -4.37114e-08, -0.438371, 1.5, 10.4587)
size = Vector3(1, 3, 16)

[node name="CSGWall8" type="CSGBox3D" parent="CSGCombiner3D"]
transform = Transform3D(-4.37114e-08, 0, -1, 0, 1, 0, 1, 0, -4.37114e-08, -0.438371, 1.5, -10.5162)
size = Vector3(1, 3, 16)

[node name="CSGWall9" type="CSGBox3D" parent="CSGCombiner3D"]
transform = Transform3D(-4.37114e-08, 0, -1, 0, 1, 0, 1, 0, -4.37114e-08, -14.7029, 1.5, -14.4155)
size = Vector3(1, 3, 8)

[node name="CSGWall10" type="CSGBox3D" parent="CSGCombiner3D"]
transform = Transform3D(-0.687835, 0, -0.725867, 0, 1, 0, 0.725867, 0, -0.687835, -14.7029, 1.5, 8.58453)
size = Vector3(1, 3, 5.205)

[node name="CSGWall11" type="CSGBox3D" parent="CSGCombiner3D"]
transform = Transform3D(-0.687835, 0, -0.725867, 0, 1, 0, 0.725867, 0, -0.687835, -3.77098, 1.5, 5.26255)
size = Vector3(1, 3, 5.205)

[node name="CSGWall12" type="CSGBox3D" parent="CSGCombiner3D"]
transform = Transform3D(0.616129, 0, -0.787645, 0, 1, 0, 0.787645, 0, 0.616129, 3.89356, 1.5, -4.41344)
size = Vector3(1, 3, 5.205)

[node name="CSGWall13" type="CSGBox3D" parent="CSGCombiner3D"]
transform = Transform3D(0.54692, 0, -0.837185, 0, 1, 0, 0.837185, 0, 0.54692, -1.87085, 1.5, 14.9318)
size = Vector3(1, 3, 5.205)

[node name="CSGWall14" type="CSGBox3D" parent="CSGCombiner3D"]
transform = Transform3D(-0.738067, 0, -0.674727, 0, 1, 0, 0.674727, 0, -0.738067, 14.3115, 1.5, 14.9318)
size = Vector3(1, 3, 5.205)

[node name="CSGWall15" type="CSGBox3D" parent="CSGCombiner3D"]
transform = Transform3D(-0.738067, 0, -0.674727, 0, 1, 0, 0.674727, 0, -0.738067, 14.3115, 1.5, -11.6867)
size = Vector3(1, 3, 5.205)

[node name="CSGWall16" type="CSGBox3D" parent="CSGCombiner3D"]
transform = Transform3D(-0.0300153, 0, -0.999549, 0, 1, 0, 0.999549, 0, -0.0300153, 15.8244, 1.5, -16.7583)
size = Vector3(1, 3, 5.205)

[node name="CSGWall17" type="CSGBox3D" parent="CSGCombiner3D"]
transform = Transform3D(0.271222, 0, -0.962517, 0, 1, 0, 0.962517, 0, 0.271222, 14.7859, 1.5, 2.87167)
size = Vector3(1, 3, 5.205)
